1	3
1	5
1	6
2	6
2	8
3	1
3	4
3	5
3   10
4    3
4    9
4       12
5       1
5       3
5       7
6       1
6       2
6       7
6       8
6       11
7       5
7       6
7       10
7       11
7       13
8       2
8       6
8       11
8       14
9       4
9       12
9       17
10      3
10      7
10      12
10      15
11      6
11      7
11      8
11      14
11      16
12      4
12      9
12      10
12      17
13      7
13      15
13      16
13      18
14      8
14      11
14      16
14      19
15      10
15      13
15      17
15      21
16      11
16      13
16      14
16      19
16      20
17      9
17      12
17      15
17      24
18      13
18      20
18      21
18      23
19      14
19      16
19      22
20      16
20      18
20      22
20      25
21      15
21      18
21      23
21      24
22      19
22      20
23      18
23      21
23      25
24      17
24      21
25      20
25      22
25      23
